title: Flaren2276's Prefered Rolls on weapons.

dimwishlist:item=1644160541&perks=3666208348,269888150,1749209109,1685431615,3486498337
dimwishlist:item=6857689&perks=1926090092,3230963543,1168162263,2458213969
dimwishlist:item=20935540&perks=1482024992,3230963543,2450788523,3108830275,384158423
dimwishlist:item=35794111&perks=3666208348,269888150,1749209109,1546637391,3486498337
dimwishlist:item=48643186&perks=4090651448,106909392,1168162263,1015611457,384158423
dimwishlist:item=66875353&perks=3151536501,3230963543,1820235745,1546637391,384158423
dimwishlist:item=208088207&perks=4090651448,3230963543,2450788523,3425386926,2697220197
dimwishlist:item=310708513&perks=839105230,3230963543,1168162263,2458213969,384158423
dimwishlist:item=334171687&perks=1926090091,3230963543,2450788523,1015611457,2697220197
dimwishlist:item=568515759&perks=839105230,679225683,1168162263,3425386926,2697220197
dimwishlist:item=577528837&perks=839105230,3230963543,1820235745,4104185692,384158423
dimwishlist:item=601592879&perks=839105230,1885400500,2387244414,1015611457,2697220197
dimwishlist:item=602618796&perks=839105230,3230963543,1820235745,3425386926,384158423
dimwishlist:item=640114618&perks=839105230,3230963543,1820235745,4104185692,384158423
dimwishlist:item=654370424&perks=839105230,106909392,2387244414,3425386926,758092021
dimwishlist:item=821154603&perks=839105230,3230963543,1820235745,3425386926,384158423
dimwishlist:item=1097616550&perks=839105230,3230963543,2387244414,2458213969,2697220197
dimwishlist:item=1107446438&perks=839105230,3230963543,1820235745,3425386926,2697220197
dimwishlist:item=1119734784&perks=839105230,3230963543,1570042021,3425386926,758092021
dimwishlist:item=1476654960&perks=1926090094,3230963543,1195158366,2458213969,2697220197
dimwishlist:item=2139640995&perks=3666208348,269888150,1749209109,354401740,3486498337
dimwishlist:item=2496875173&perks=839105230,3230963543,2946784966,2458213969,2697220197
dimwishlist:item=2723909519&perks=839105230,3230963543,1820235745,3425386926,384158423
dimwishlist:item=2782325300&perks=3666208348,1749209109,354401740,3486498337
dimwishlist:item=2782325301&perks=3666208348,1749209109,354401740,3486498337
dimwishlist:item=2782325302&perks=3666208348,1749209109,3913600130,3486498337
dimwishlist:item=3242168339&perks=839105230,3230963543,1168162263,2458213969,2697220197
dimwishlist:item=3799980700&perks=839105230,106909392,2387244414,1015611457,2697220197
dimwishlist:item=3813153080&perks=1926090094,3230963543,2450788523,2458213969,384158423
